1 H 1
1 0 3
3.425250914 0.1543289673
0.6239137298 0.5353281423
0.168855404 0.4446345422
2 He 1
1 0 3
6.362421394 0.1543289673
1.158922999 0.5353281423
0.3136497915 0.4446345422
3 Li 3
1 0 3
16.11957475 0.1543289673
2.936200663 0.5353281423
0.794650487 0.4446345422
2 0 3
0.6362897469 0.6362897469
0.1478600533 0.1478600533
0.0480886784 0.0480886784
2 1 3
-0.09996722919 0.155916275
0.3995128261 0.6076837186
0.7001154689 0.3919573931
4 Be 3
1 0 3
30.16787069 0.1543289673
5.495115306 0.5353281423
1.487192653 0.4446345422
2 0 3
1.31483311 1.31483311
0.3055389383 0.3055389383
0.0993707456 0.0993707456
2 1 3
-0.09996722919 0.155916275
0.3995128261 0.6076837186
0.7001154689 0.3919573931
5 B 3
1 0 3
48.79111318 0.1543289673
8.887362172 0.5353281423
2.40526704 0.4446345422
2 0 3
2.236956142 2.236956142
0.5198204999 0.5198204999
0.16906176 0.16906176
2 1 3
-0.09996722919 0.155916275
0.3995128261 0.6076837186
0.7001154689 0.3919573931
6 C 3
1 0 3
71.61683735 0.1543289673
13.04509632 0.5353281423
3.53051216 0.4446345422
2 0 3
2.941249355 2.941249355
0.6834830964 0.6834830964
0.2222899159 0.2222899159
2 1 3
-0.09996722919 0.155916275
0.3995128261 0.6076837186
0.7001154689 0.3919573931
7 N 3
1 0 3
99.10616896 0.1543289673
18.05231239 0.5353281423
4.885660238 0.4446345422
2 0 3
3.780455879 3.780455879
0.8784966449 0.8784966449
0.2857143744 0.2857143744
2 1 3
-0.09996722919 0.155916275
0.3995128261 0.6076837186
0.7001154689 0.3919573931
8 O 3
1 0 3
130.7093214 0.1543289673
23.80886605 0.5353281423
6.443608313 0.4446345422
2 0 3
5.033151319 5.033151319
1.169596125 1.169596125
0.38038896 0.38038896
2 1 3
-0.09996722919 0.155916275
0.3995128261 0.6076837186
0.7001154689 0.3919573931
9 F 3
1 0 3
166.679134 0.1543289673
30.36081233 0.5353281423
8.216820672 0.4446345422
2 0 3
6.464803249 6.464803249
1.502281245 1.502281245
0.4885884864 0.4885884864
2 1 3
-0.09996722919 0.155916275
0.3995128261 0.6076837186
0.7001154689 0.3919573931
10 Ne 3
1 0 3
207.015607 0.1543289673
37.70815124 0.5353281423
10.20529731 0.4446345422
2 0 3
8.24631512 8.24631512
1.916266291 1.916266291
0.6232292721 0.6232292721
2 1 3
-0.09996722919 0.155916275
0.3995128261 0.6076837186
0.7001154689 0.3919573931
